4  .78400000000000000000    .46550733333333333333
5  .78383333333333333333    .46333566666666666666
6  .78400000000000000000    .46338200000000000000
7  .78400000000000000000    .46363416666666666666
8  .78333333333333333333    .46377133333333333333
9  .78400000000000000000    .46355750000000000000
10  .78400000000000000000    .46335383333333333333
11  .78283333333333333333    .46414366666666666666
12  .78383333333333333333    .46319033333333333333
13  .78350000000000000000    .46288916666666666666
14  .78316666666666666666    .46797283333333333333
15  .78250000000000000000    .47834783333333333333
