4  2.98583333333333333333    .24003366666666666666
5  2.98816666666666666666    .23965433333333333333
6  2.98950000000000000000    .24300766666666666666
7  2.98900000000000000000    .24036800000000000000
8  2.98450000000000000000    .24054200000000000000
9  2.96950000000000000000    .24558616666666666666
10  2.95066666666666666666    .24549750000000000000
11  2.88883333333333333333    .24760316666666666666
12  2.80733333333333333333    .25362416666666666666
13  2.78366666666666666666    .25623050000000000000
14  2.75866666666666666666    .25789616666666666666
15  2.65150000000000000000    .26868616666666666666
