4  3.49683333333333333333    .21186750000000000000
5  3.50666666666666666666    .20552300000000000000
6  3.51833333333333333333    .20455650000000000000
7  3.51083333333333333333    .20490483333333333333
8  3.50916666666666666666    .20516533333333333333
9  3.53966666666666666666    .20387983333333333333
10  3.51033333333333333333    .20546166666666666666
11  3.48716666666666666666    .20652200000000000000
12  3.47333333333333333333    .20704966666666666666
13  3.42950000000000000000    .20870100000000000000
14  3.42966666666666666666    .21013383333333333333
15  3.36333333333333333333    .21384433333333333333
